cumulative_return: 0.04337073227084698
cagr: 0.0065813746695688735
maximum_drawdown: -0.38575542168155597
sharpe_ratio: 0.1277078900444583
final_value: 10433.70732270847