cumulative_return: 0.09599628022474627
cagr: 0.02963320257909996
maximum_drawdown: -0.25733622586116967
sharpe_ratio: 0.29086106146460694
final_value: 10959.962802247463