cumulative_return: 0.2796046997686976
cagr: 0.0388286163538305
maximum_drawdown: -0.21034791275614473
sharpe_ratio: 0.36336050852108037
final_value: 12796.046997686975