cumulative_return: 0.3174707426408625
cagr: 0.043519940109429944
maximum_drawdown: -0.362001591908363
sharpe_ratio: 0.31768712297010454
final_value: 13174.707426408626