cumulative_return: -0.020046423067091923
cagr: -0.006430587278781874
maximum_drawdown: -0.28294436552591806
sharpe_ratio: 0.020270663187091056
final_value: 9799.53576932908