cumulative_return: -0.02823349599744651
cagr: -0.009082661526635727
maximum_drawdown: -0.26508860795161726
sharpe_ratio: 0.017532050683217105
final_value: 9717.665040025535