cumulative_return: 0.5033037611235036
cagr: 0.06501288412594741
maximum_drawdown: -0.2925666446224787
sharpe_ratio: 0.44021878657052305
final_value: 15033.037611235037